*---------------------------------------------------------*
*   Country: Netherlands
*   Station: Wageningen
*      Year: 2000
*    Source: Dep. of Meteorology, Wageningen Agricultural
*            University.
*    Author: Peter Uithol
* Longitude: 07 36 E
*  Latitude: 31 39 N
* Elevation: 169.9 m.
*  Comments: Location Haarweg.
*
*  Columns:
*  ========
*  station number
*  year
*  day
*  irradiation (kJ m-2 d-1)
*  minimum temperature (degrees Celsius)
*  maximum temperature (degrees Celsius)
*  vapour pressure (kPa)
*  mean wind speed (m s-1)
*  precipitation (mm d-1)
** WCCDESCRIPTION=Netherlands, Wageningen
** WCCFORMAT=2
** WCCYEARNR=2000
*---------------------------------------------------------*
   5.67  51.97     7.  -0.18 -0.55
   1	2002	311	13974.7	10.81000042	27.13999939	0.6037	1.303580046	0
1	2002	312	14371.9	9.409999847	26.01000023	0.52155	1.202790022	0
1	2002	313	14869.3	6.681000233	25.27000046	0.4614	1.044579983	0
1	2002	314	14696.3	8.350000381	26.40999985	0.4196	1.162750006	0
1	2002	315	15217.0	8.479999542	26.87999916	0.4141	0.811959982	0
1	2002	316	16918.0	12.01000023	24.94000053	0.52285	1.100209951	0
1	2002	317	21124.1	9.470000267	21.46999931	0.57325	2.185499907	0
1	2002	318	26170.7	11.81000042	21.60000038	0.50735	3.60165	11.60000038
1	2002	319	9894.3	8.470000267	13.88000011	0.6917	3.511399984	61.09999847
1	2002	320	3376.0	7.809999943	13.53999996	0.7976	2.235519886	11.80000019
1	2002	321	9139.0	8.020000458	15.30000019	0.7714	1.169080019	2.799999952
1	2002	322	11381.7	5.744999886	15.47000027	0.76375	0.61826998	0
1	2002	323	12684.9	6.681000233	17.13999939	0.722	1.340190053	3.599999905
1	2002	324	9353.6	10.68000031	17.37999916	0.738	1.620079994	4.900000095
1	2002	325	17466.5	12.94999981	19.86000061	0.78545	1.313380003	0.200000003
1	2002	326	20933.1	12.27999973	17.13999939	0.74555	1.010040045	0
1	2002	327	28924.6	12.44999981	18.87000084	0.70025	1.94659996	1.799999952
1	2002	328	14718.9	10.60999966	14.14000034	0.69755	2.25364995	6.099999905
1	2002	329	4952.3	8.220000267	17.12999916	0.8385	1.710229993	24.60000038
1	2002	330	8224.2	5.945000172	19.12999916	0.8212	0.570119977	0.200000003
1	2002	331	10540.5	8.550000191	20.32999992	0.7151	0.742209971	0.200000003
1	2002	332	11547.7	9.670000076	18.13999939	0.71275	1.287619948	0.200000003
1	2002	333	9679.4	8.619999886	15.86999989	0.83415	1.536980033	1.200000048
1	2002	334	7125.4	4.777999878	15.73999977	0.7701	1.122750044	0.200000003
1	2002	335	11758.8	5.245999813	15.27000046	0.6801	0.737380028	0.200000003
1	2002	336	11302.5	5.27699995	16.93000031	0.74225	0.677190006	0.800000012
1	2002	337	10936.3	8.170000076	17.79999924	0.7431	0.929669976	0
1	2002	338	10829.8	6.480000019	17.34000015	0.758	0.93769002	0.400000006
1	2002	339	10839.7	5.811999798	16.97999954	0.6815	0.697440028	0.200000003
1	2002	340	8658.4	4.675000191	14.60000038	0.77915	1.007400036	0.200000003
1	2002	341	15455.9	2.648999929	14.19999981	0.72035	0.506980002	0
1	2002	342	13353.3	2.482000113	15	0.69015	0.55941999	0.200000003
1	2002	343	13699.0	4.084000111	14	0.72825	1.32159996	0.200000003
1	2002	344	13643.2	9.270000458	14.05000019	0.71895	1.416399956	2.799999952
1	2002	345	16395.0	9.340000153	12.42000008	0.8485	0.974309981	5.5
1	2002	346	13457.6	7.619999886	18.72999954	0.9125	0.983829975	0.200000003
1	2002	347	10520.3	11.60999966	21.60000038	0.7179	3.863209963	0
1	2002	348	4502.6	11.01000023	16.80999947	0.63675	1.102900028	0
1	2002	349	5411.2	8.420000076	20.12999916	0.8364	0.844290018	0
1	2002	350	10553.2	10.61999989	25.80999947	0.68545	1.111709952	0
1	2002	351	5007.0	15.4	22.98	0.57415	1.377005908	0
1	2002	352	3820.7	13.36	18.2	0.66005	2.291609091	4
1	2002	353	14785.6	11.12	21.17	0.68995	1.354800975	0
1	2002	354	16714.9	8.15	22.03	0.6448	1.574649815	0
1	2002	355	15558.9	7.09	22.61	0.5793	1.456023462	0
1	2002	356	11031.6	8.92	23.58	0.4947	1.74828839	0
1	2002	357	11539.6	8.43	22.77	0.54015	1.548644038	0
1	2002	358	11987.1	8.13	22.28	0.5654	1.35050002	0
1	2002	359	12363.0	5.864	22.42	0.5619	1.798699589	0
1	2002	360	12752.6	5.603	23.04	0.5272	1.548644038	0
1	2002	361	8131.4	6.61	17.9	0.6832	2.482051399	15
1	2002	362	12809.7	8.44	15.46	0.79935	2.632684862	0.2
1	2002	363	13987.3	5.08	18.4	0.7617	1.469126373	0
1	2002	364	11283.0	6.603	19.13	0.6698	1.476327973	0
1	2002	365	12840.8	6.187	20.28	0.6319	1.765192145	0
1	2003	1	12036.4	5.743	21.42	0.6116	1.586852526	0
1	2003	2	12666.2	7.02	23.79	0.55995	1.85101121	0
1	2003	3	12368.2	8	23.52	0.5206	1.49513215	0
1	2003	4	13042.1	6.914	21.84	0.44935	1.747788279	0
1	2003	5	12837.3	4.609	17.68	0.6494	1.839508655	0
1	2003	6	5954.2	8.66	14.91	0.837	1.840708922	0
1	2003	7	13239.1	6.088	17.58	0.74055	1.365203286	0
1	2003	8	8038.7	5.012	15.25	0.81505	2.443442822	2
1	2003	9	6847.5	6.83	13.54	0.79825	3.170304297	14.2
1	2003	10	7197.5	3.344	9.91	0.81735	2.442642644	15
1	2003	11	13982.1	0.609	10.41	0.69435	1.099744313	0.2
1	2003	12	12223.9	0.994	10.9	0.6911	1.417714952	0
1	2003	13	13549.2	0.455	11.08	0.76305	1.680573347	0
1	2003	14	10215.1	3.954	14.09	0.61795	2.282607091	0
1	2003	15	14150.6	0.821	14.42	0.55275	1.540742283	0
1	2003	16	14452.1	-0.483	14.23	0.55665	1.634363081	0
1	2003	17	14376.1	-0.341	15.71	0.53865	1.982473591	0
1	2003	18	14704.4	1.706	16.7	0.5107	2.188649545	0
1	2003	19	13061.1	2.442	16.55	0.4635	2.505062208	0
1	2003	20	13609.7	5.02	16.11	0.46365	1.901156755	0
1	2003	21	10301.5	5.503	18.37	0.67605	1.767930371	0
1	2003	22	11715.0	9.68	18.55	0.81465	1.770692381	0
1	2003	23	12857.2	10.91	19.15	0.7794	3.231552182	0.8
1	2003	24	15148.5	8.75	20.19	0.6861	2.357375887	0.2
1	2003	25	15193.4	4.919	20.51	0.54635	2.395962797	0
1	2003	26	15323.0	3.143	19.13	0.40505	1.836168275	0
1	2003	27	14852.2	3.703	17.71	0.51	1.739416675	0
1	2003	28	14787.4	6.785	20.44	0.4939	1.962408398	0
1	2003	29	13649.5	7.02	17.7	0.6075	1.890433656	0
1	2003	30	12308.5	4.85	13.53	0.73925	3.141705608	0
1	2003	31	15883.8	2.064	12.84	0.6168	2.944871749	0
1	2003	32	15783.6	1.569	13.65	0.62755	2.124229714	0
1	2003	33	14580.9	0.506	17.44	0.5754	1.984991895	0
1	2003	34	14524.7	4.951	18.71	0.48895	1.624387065	0
1	2003	35	11478.2	6.644	17.82	0.5037	1.881985154	0
1	2003	36	15554.6	6.146	16.84	0.67245	1.791163752	0
1	2003	37	14861.7	7.59	15.34	0.75315	1.920572064	0
1	2003	38	15711.8	4.198	18.33	0.67945	1.624955714	0
1	2003	39	12116.7	5.081	14.39	0.75815	2.217406947	0
1	2003	40	16866.1	3.211	15.6	0.6571	2.61489274	0
1	2003	41	17164.2	3.28	20.59	0.5027	1.936250535	0
1	2003	42	17210.0	2.599	19.81	0.54905	1.721707314	0
1	2003	43	16604.4	5.886	21.79	0.46435	1.737710727	0
1	2003	44	17062.3	5.883	18.87	0.64245	2.338691699	0
1	2003	45	3877.1	8.42	12.44	0.7838	2.003188669	0
1	2003	46	8374.8	5.838	11.27	0.76745	2.016755015	8.4
1	2003	47	15662.6	3.042	11.84	0.62385	2.123173651	0
1	2003	48	19228.3	0.208	16.65	0.50465	1.755095146	0
1	2003	49	18942.3	2.997	20.28	0.40435	1.818377678	0
1	2003	50	5744.1	4.588	12.69	0.6859	2.140883012	10.8
1	2003	51	10416.4	6.656	14.17	0.76635	1.15825719	0.4
1	2003	52	19018.4	3.601	18.34	0.6713	1.371663112	0
1	2003	53	18334.1	8.94	19.32	0.69625	2.353476578	0
1	2003	54	17922.8	8.09	24.7	0.5694	1.954528545	0
1	2003	55	13434.3	7.89	17.92	0.69545	2.029184061	0
1	2003	56	8807.6	10.31	17.62	0.694	3.082972269	5
1	2003	57	15844.9	9.63	17.02	0.78795	2.485484429	8.8
1	2003	58	18628.7	7.8	17.94	0.69625	2.457458147	0
1	2003	59	20256.5	5.364	21.76	0.6185	3.176230738	0
1	2003	60	19727.7	9.47	25.47	0.46135	1.758507041	0
1	2003	61	19871.1	10	25.68	0.44155	2.171590069	0
1	2003	62	20423.2	8.12	25.04	0.43075	2.307822171	0
1	2003	63	20082.8	11.1	27.04	0.3622	1.558423757	0
1	2003	64	19793.4	11.41	26.25	0.45335	1.946811163	0
1	2003	65	19652.5	8.23	26.09	0.5002	1.784908611	0
1	2003	66	18668.4	9.94	25.63	0.4815	1.891814661	0
1	2003	67	14473.7	10.64	24.36	0.49215	1.415205394	0
1	2003	68	20312.6	9.38	22.65	0.538	2.098315557	0
1	2003	69	20456.9	6.926	23.33	0.62315	1.889783771	0
1	2003	70	20870.8	9.51	28.63	0.44035	2.094172542	0
1	2003	71	20397.3	16.54	27.22	0.39895	4.505651338	0
1	2003	72	17337.9	14.15	25.06	0.34865	2.32390682	0
1	2003	73	19437.4	14.41	26.41	0.34315	2.297830192	0
1	2003	74	20332.5	11.02	28.75	0.41585	2.182963053	0
1	2003	75	6571.5	13.67	22.77	0.59475	2.396775153	2.6
1	2003	76	10114.8	10.95	18.85	0.76015	2.279389711	7.8
1	2003	77	17370.7	8.5	18.46	0.69815	2.544055296	0
1	2003	78	9964.5	11.37	16.65	0.74545	1.151839578	0
1	2003	79	17137.4	8.38	19.17	0.715	1.756963565	0
1	2003	80	15406.0	9.04	17.31	0.8089	2.458351738	13.8
1	2003	81	5987.9	8.75	12.13	0.83475	1.665167336	34.6
1	2003	82	18836.1	8.26	17.49	0.72765	1.418942231	0
1	2003	83	17394.9	10.86	20.92	0.7666	1.407244305	0.4
1	2003	84	21705.4	10.6	23.77	0.61805	1.816021846	0.2
1	2003	85	17917.6	11.16	22.79	0.64255	2.110419662	0
1	2003	86	8375.0	12.39	18.67	0.701	1.89977575	0
1	2003	87	14374.4	13.7	22.16	0.6786	1.850709447	0
1	2003	88	20730.0	11.49	22.97	0.69945	1.815534432	0
1	2003	89	20841.4	13.85	25.33	0.62915	1.394246609	0
1	2003	90	22839.8	11.45	27.53	0.6274	2.08994829	0
1	2003	91	23576.0	13.96	26.13	0.5521	2.075082176	0
1	2003	92	24213.6	9.91	22.81	0.5858	1.92950798	0
1	2003	93	24264.6	9.42	22.86	0.6386	1.952253948	0
1	2003	94	24496.1	8.58	23.84	0.5955	1.569390563	0
1	2003	95	23855.9	9.84	22.19	0.6164	1.894495436	0
1	2003	96	20734.3	9.98	25.29	0.5671	1.447374692	0
1	2003	97	19179.9	12	22.5	0.69415	3.018389967	0
1	2003	98	12583.3	11.8	20.99	0.6804	1.959565152	21.6
1	2003	99	13257.2	11.55	16.79	0.78155	1.736492193	13.2
1	2003	100	18436.0	13.45	18.99	0.75115	1.571421453	0
1	2003	101	23425.6	11.57	20.95	0.64415	1.444368974	0
1	2003	102	25168.3	12.11	24.31	0.6255	1.694737095	0
1	2003	103	19737.2	10.84	19.84	0.6753	3.186628895	0
1	2003	104	11173.2	8.33	13.8	0.78375	2.431462754	26.4
1	2003	105	24344.1	6.239	17.26	0.6717	1.609845892	0
1	2003	106	24703.5	8.48	20.58	0.67395	1.855746055	0
1	2003	107	21702.8	8.27	23.44	0.6499	1.51000734	0
1	2003	108	13758.3	12	19.79	0.78725	2.258755868	2.6
1	2003	109	24406.3	11.91	20.95	0.66425	1.556961517	4.8
1	2003	110	26373.6	9.46	21.33	0.6291	1.357284411	0
1	2003	111	23420.4	9.64	19.96	0.6905	2.190680435	0
1	2003	112	21605.2	9.73	18.7	0.67145	3.494674292	0
1	2003	113	21841.1	9.28	20.99	0.6486	1.325277584	0
1	2003	114	24524.6	9.34	26.76	0.6036	1.388153939	0
1	2003	115	21522.2	13.57	29.78	0.5375	1.087338511	0
1	2003	116	26032.3	13.49	28.68	0.5564	1.573127401	0
1	2003	117	26750.3	13.18	30.79	0.4666	1.759725575	0
1	2003	118	25408.5	14.39	27.45	0.54455	1.989622324	0
1	2003	119	14541.1	13.14	23.04	0.72135	1.891408483	0
1	2003	120	17874.4	14.75	23.94	0.64235	2.36249373	0
1	2003	121	17483.0	11.13	22.85	0.68145	1.611714311	0
1	2003	122	21047.0	10.93	23.91	0.65075	1.999776774	0
1	2003	123	25488.0	11.96	25.84	0.6426	1.674996844	0
1	2003	124	20696.3	13.01	23.86	0.665	1.774185512	0
1	2003	125	21475.6	12.15	21.74	0.58605	2.917657823	0
1	2003	126	23365.2	10.55	18.73	0.61885	2.290437752	1.6
1	2003	127	27481.2	8.84	19.36	0.5189	2.349252327	0
1	2003	128	26608.6	10.27	22.54	0.57035	2.34770885	0
1	2003	129	28156.0	10.96	27.84	0.49455	2.311640244	0
1	2003	130	19942.0	12.79	31.53	0.4455	1.781090538	0
1	2003	131	16682.1	16.91	28.56	0.3613	3.139349776	0
1	2003	132	26891.1	13.73	29.76	0.45745	2.002132606	0
1	2003	133	26225.9	16.94	31.57	0.404	1.674022017	0
1	2003	134	16815.2	17.36	33.11	0.436	2.254694088	2.6
1	2003	135	25354.1	18.91	32.53	0.41116	2.585729159	0
1	2003	136	26006.4	14.494	28.909	0.615745	1.496034816	0
1	2003	137	27108.0	13.06	29.738	0.52628	1.642096426	0
1	2003	138	23724.6	15.528	35.076	0.47817	1.508057685	0
1	2003	139	19424.4	20.831	34.172	0.380325	1.294083114	0
1	2003	140	25285.8	17.274	37.574	0.37964	1.694493388	0
1	2003	141	25882.8	18.322	38.031	0.314385	2.484509601	0
1	2003	142	27680.0	23.24	37.89	0.2164	2.188162131	0
1	2003	143	27521.9	20.99	35.35	0.2975	2.19206144	0
1	2003	144	26803.0	15.85	30.35	0.4382	2.358350714	0
1	2003	145	28281.3	13.25	26.97	0.5316	3.035774385	0
1	2003	146	28747.9	12.86	32.07	0.36045	2.239909209	0
1	2003	147	26387.4	17.6	36.76	0.2385	1.79823125	0
1	2003	148	22595.3	20.48	38.16	0.271	2.543161705	0
1	2003	149	23791.1	17.3	28.47	0.44985	2.2563188	0
1	2003	150	25803.4	14.24	27.98	0.57255	1.610008364	0
1	2003	151	27381.0	13.8	26.92	0.5561	1.836330746	0
1	2003	152	17969.5	15.71	25.99	0.5762	2.05948494	0
1	2003	153	27303.3	14.14	29.24	0.5586	2.594665076	0
1	2003	154	26174.0	15.81	30.77	0.50435	2.075082176	0
1	2003	155	27032.8	15.77	30.08	0.51825	2.51001758	0
1	2003	156	26773.6	15.64	29.6	0.58355	2.521634271	2
1	2003	157	24528.1	16.77	34.41	0.52735	2.582479735	12.2
1	2003	158	26898.9	18.88	34.26	0.4708	2.236822256	0
1	2003	159	27090.7	18.65	35.41	0.5037	1.813666014	0
 